"Date","Time","Open","High","Low","Close","Vol","OI"
07/31/1997,23:00,91.89,96.03,90.69,95.31,44389100,0
08/29/1997,23:00,95.50,96.63,89.34,90.38,97647038,0
09/30/1997,23:00,90.69,96.38,90.25,94.38,77957000,0
10/31/1997,23:00,95.25,98.50,84.38,92.06,132160100,0
11/28/1997,23:00,93.19,96.81,90.09,95.63,93094900,0
12/31/1997,23:00,96.22,99.00,92.38,96.84,78953200,0
01/30/1998,23:00,97.31,99.56,90.91,98.31,102923100,0
02/27/1998,23:00,99.91,105.53,99.72,105.00,68985200,0
03/31/1998,23:00,105.25,111.53,103.16,109.94,86254700,0
04/30/1998,23:00,110.31,113.44,107.63,111.41,117749700,0
05/29/1998,23:00,111.75,113.31,107.58,109.03,113106100,0
06/30/1998,23:00,108.97,114.69,107.50,113.31,141210300,0
07/31/1998,23:00,114.06,119.23,111.31,111.78,154350400,0
08/31/1998,23:00,111.78,112.41,95.00,95.69,268522124,0
09/30/1998,23:00,96.06,107.00,93.63,101.75,269353716,0
10/30/1998,23:00,100.03,110.91,92.22,110.00,249126884,0
11/30/1998,23:00,110.81,119.72,110.19,116.13,136369000,0
12/31/1998,23:00,116.13,124.75,113.75,123.31,155978800,0
01/29/1999,23:00,123.38,128.50,120.38,127.66,141418900,0
02/26/1999,23:00,128.69,128.84,121.33,123.56,164623500,0
03/31/1999,23:00,123.66,132.63,121.78,128.38,148201100,0
04/30/1999,23:00,129.69,137.50,128.13,133.30,151204200,0
05/31/1999,23:00,133.44,138.00,128.00,130.20,176438000,0
06/30/1999,23:00,130.13,137.25,128.02,137.00,157467700,0
07/30/1999,23:00,137.00,142.19,132.75,132.75,114318000,0
08/31/1999,23:00,132.75,138.78,127.00,132.06,142925900,0
09/30/1999,23:00,132.94,136.63,125.56,128.75,165995000,0
10/29/1999,23:00,127.94,137.69,123.44,137.00,195497200,0
11/30/1999,23:00,136.50,143.00,134.59,139.28,125025800,0
12/31/1999,23:00,139.31,147.88,139.00,146.88,121642700,0
01/31/2000,23:00,148.25,148.25,135.00,139.56,156747000,0
02/29/2000,23:00,139.75,144.56,132.72,137.44,187311000,0
03/31/2000,23:00,137.63,155.75,135.03,150.38,247453700,0
04/28/2000,23:00,150.13,153.11,133.75,145.09,214520200,0
05/31/2000,23:00,146.56,148.48,136.50,142.81,161039000,0
06/30/2000,23:00,143.69,149.16,143.00,145.28,125840800,0
07/31/2000,23:00,145.44,151.98,141.52,143.94,105440200,0
08/31/2000,23:00,143.63,153.09,142.63,152.34,98394200,0
09/29/2000,23:00,153.09,153.56,142.13,143.63,106464500,0
10/31/2000,23:00,144.28,145.75,130.16,142.95,176058700,0
11/30/2000,23:00,142.25,144.28,129.75,132.28,156649900,0
12/29/2000,23:00,133.19,139.56,125.53,131.19,165515900,0
01/31/2001,23:00,132.00,138.70,127.56,137.02,181296600,0
02/28/2001,23:00,137.10,137.99,121.80,123.95,178613100,0
03/30/2001,23:00,124.05,127.75,108.04,116.69,318197000,0
04/30/2001,23:00,116.30,127.66,109.30,124.91,251999900,0
05/31/2001,23:00,125.07,132.09,123.44,125.95,208071800,0
06/29/2001,23:00,126.20,129.23,120.03,122.60,203612800,0
07/31/2001,23:00,122.80,124.32,116.75,121.35,196989600,0
08/31/2001,23:00,121.97,123.35,112.01,114.15,269622000,0
09/28/2001,23:00,113.85,116.79,93.80,104.44,419272200,0
10/31/2001,23:00,103.90,111.80,102.42,105.80,512891800,0
11/30/2001,23:00,106.60,116.90,105.43,114.05,374104400,0
12/31/2001,23:00,113.65,118.00,112.00,114.30,308508100,0
01/31/2002,23:00,115.11,117.99,108.40,113.18,349869100,0
02/28/2002,23:00,113.09,113.30,107.82,111.15,424765300,0
03/29/2002,23:00,111.72,117.90,111.51,114.52,386624800,0
04/30/2002,23:00,114.23,115.10,106.63,107.86,404375500,0
05/31/2002,23:00,107.97,111.25,104.90,107.22,453205700,0
06/28/2002,23:00,107.09,107.60,95.19,98.96,535842400,0
07/31/2002,23:00,99.18,99.80,77.68,91.16,1125002800,0
08/30/2002,23:00,90.88,97.15,83.55,91.78,948092300,0
09/30/2002,23:00,90.73,93.33,80.01,81.79,1014772200,0
10/31/2002,23:00,82.43,91.29,77.07,88.52,1346727800,0
11/29/2002,23:00,88.35,94.95,87.45,93.98,819425600,0
12/31/2002,23:00,95.47,96.05,87.11,88.23,729203400,0
01/31/2003,23:00,88.85,93.86,84.15,86.06,919291800,0
02/28/2003,23:00,86.14,86.81,81.00,84.90,864057600,0
03/31/2003,23:00,85.26,89.88,79.38,84.74,1158369800,0
04/30/2003,23:00,85.25,92.80,84.91,91.91,999068100,0
05/30/2003,23:00,91.92,97.09,90.50,96.95,884854800,0
06/30/2003,23:00,97.53,102.18,96.85,97.63,871842800,0
07/31/2003,23:00,97.25,101.90,96.43,99.39,921263700,0
08/29/2003,23:00,99.19,101.82,96.34,101.44,777642200,0
09/30/2003,23:00,101.64,104.70,99.25,99.95,821448000,0
10/31/2003,23:00,100.24,105.89,100.20,105.30,834006900,0
11/28/2003,23:00,105.75,106.95,103.62,106.45,631422062,0
12/31/2003,23:00,106.85,111.52,105.96,111.28,679293500,0
01/30/2004,23:00,111.74,115.93,110.73,113.48,746623400,0
02/27/2004,23:00,113.70,116.43,112.78,115.02,676314100,0
03/31/2004,23:00,115.43,116.95,108.85,113.10,1126535100,0
04/30/2004,23:00,113.07,115.41,110.90,110.96,969259500,0
05/31/2004,23:00,111.37,113.26,108.06,112.86,984916000,0
06/30/2004,23:00,112.46,114.94,111.87,114.53,726878300,0
07/30/2004,23:00,114.25,114.40,108.21,110.84,956389700,0
08/31/2004,23:00,110.19,111.63,106.59,111.11,924660600,0
09/30/2004,23:00,110.95,113.74,110.41,111.76,792728500,0
10/29/2004,23:00,112.26,114.68,109.35,113.20,1046548000,0
11/30/2004,23:00,113.56,119.14,113.20,117.89,964653300,0
12/31/2004,23:00,118.16,121.66,117.73,120.87,911595100,0
01/31/2005,23:00,121.56,121.76,116.37,118.16,1191300500,0
02/28/2005,23:00,118.25,121.67,118.10,120.63,1029730300,0
03/31/2005,23:00,120.78,123.25,116.25,117.96,1342455200,0
04/29/2005,23:00,118.63,119.26,113.55,115.75,1668709200,0
05/31/2005,23:00,116.07,120.25,114.80,119.48,1346701200,0
06/30/2005,23:00,119.52,121.94,118.75,119.18,1106113800,0
07/29/2005,23:00,119.45,124.64,118.26,123.74,1187274600,0
08/31/2005,23:00,123.83,124.74,120.38,122.58,1315322100,0
09/30/2005,23:00,122.49,124.74,120.44,123.04,1287045900,0
10/31/2005,23:00,122.96,123.34,116.88,120.13,1794174200,0
11/30/2005,23:00,120.58,127.41,120.13,125.41,1185495900,0
12/30/2005,23:00,126.02,128.09,124.36,124.51,1074043300,0
01/31/2006,23:00,125.10,129.44,124.39,127.50,1227762500,0
02/28/2006,23:00,127.82,130.04,125.40,128.23,1145486700,0
03/31/2006,23:00,128.60,131.47,127.18,129.83,1353533800,0
04/28/2006,23:00,130.07,131.86,128.02,131.47,1302042200,0
05/31/2006,23:00,131.46,132.80,124.76,127.51,1753751200,0
06/30/2006,23:00,127.38,129.43,122.34,127.23,2165667000,0
07/31/2006,23:00,127.43,128.14,122.39,127.85,1694957300,0
08/31/2006,23:00,127.34,131.04,126.28,130.64,1421944100,0
09/29/2006,23:00,131.14,133.99,129.48,133.58,1363996000,0
10/31/2006,23:00,133.54,139.00,132.65,137.79,1448062400,0
11/30/2006,23:00,138.22,141.16,136.20,140.53,1504535600,0
12/29/2006,23:00,140.53,143.24,138.97,141.62,1213105100,0
01/31/2007,23:00,142.25,144.13,140.25,143.75,1345009600,0
02/28/2007,23:00,144.15,146.42,139.00,140.93,1496215315,0
03/30/2007,23:00,139.34,143.81,136.75,142.00,2923396540,0
04/30/2007,23:00,142.16,149.80,140.89,148.29,1795578952,0
05/31/2007,23:00,148.52,153.89,147.67,153.32,2518750566,0
06/29/2007,23:00,153.88,154.40,148.06,150.43,3509342958,0
07/31/2007,23:00,150.87,155.53,145.04,145.72,3988864853,0
08/31/2007,23:00,145.21,150.59,137.25,147.59,6244672551,0
09/28/2007,23:00,147.45,154.39,144.33,152.58,2967169259,0
10/31/2007,23:00,152.60,157.52,148.66,154.65,3850170569,0
11/30/2007,23:00,153.30,153.41,140.66,148.66,5473403297,0
12/31/2007,23:00,148.19,152.89,143.96,146.21,3293956608,0
01/31/2008,23:00,146.53,146.99,126.00,137.30,6108104628,0
02/29/2008,23:00,137.92,139.61,131.73,133.82,4151825191,0
03/31/2008,23:00,133.14,135.81,126.07,131.97,5469219545,0
04/30/2008,23:00,133.61,140.59,132.33,138.26,4014862486,0
05/30/2008,23:00,138.39,144.30,137.52,140.35,3650158433,0
06/30/2008,23:00,139.83,140.89,127.04,127.98,5410561210,0
07/31/2008,23:00,126.52,129.16,120.02,126.83,7159685514,0
08/29/2008,23:00,127.12,131.51,124.76,128.79,4344520035,0
09/30/2008,23:00,130.06,130.71,110.97,115.99,8152892071,0
10/31/2008,23:00,115.18,116.69,83.58,96.83,11889533913,0
11/28/2008,23:00,96.78,100.86,74.34,90.09,8769772411,0
12/31/2008,23:00,87.51,92.43,81.86,90.24,6931852768,0
01/30/2009,23:00,90.44,94.45,80.05,82.83,6877054936,0
02/27/2009,23:00,81.57,87.74,73.81,73.93,7275971509,0
03/31/2009,23:00,72.52,83.30,67.10,79.52,8816278923,0
04/30/2009,23:00,78.53,89.02,78.33,87.42,6209519040,0
05/29/2009,23:00,87.44,93.22,86.72,92.53,5197050778,0
06/30/2009,23:00,93.67,96.11,88.85,91.95,5054986539,0
07/31/2009,23:00,92.34,99.83,87.00,98.81,4295917099,0
08/31/2009,23:00,99.85,104.35,98.11,102.46,3957917469,0
09/30/2009,23:00,101.95,108.06,99.57,105.59,3777979228,0
10/30/2009,23:00,105.34,110.31,101.99,103.56,4482108097,0
11/30/2009,23:00,104.13,111.74,103.08,109.94,3420837972,0
12/31/2009,23:00,110.92,113.03,109.02,111.44,2883793672,0
01/29/2010,23:00,112.37,115.14,107.22,107.39,3709825718,0
02/26/2010,23:00,108.15,111.58,104.58,110.74,4451941738,0
03/31/2010,23:00,111.20,118.10,111.17,117.00,3890911827,0
04/30/2010,23:00,117.80,122.12,117.10,118.81,4011095713,0
05/31/2010,23:00,119.38,120.68,104.38,109.37,7414232368,0
06/30/2010,23:00,108.35,113.20,102.88,103.22,5706511516,0
07/30/2010,23:00,103.15,112.29,101.13,110.27,4723083333,0
08/31/2010,23:00,111.99,113.18,104.29,105.31,4542293978,0
09/30/2010,23:00,106.73,115.79,106.66,114.13,4047505515,0
10/29/2010,23:00,114.99,119.76,113.18,118.49,3767643778,0
11/30/2010,23:00,119.07,122.95,117.59,118.49,3984612272,0
12/31/2010,23:00,120.20,126.20,120.19,125.75,2722825803,0
01/31/2011,23:00,126.71,130.35,126.15,128.68,2860494476,0
02/28/2011,23:00,129.46,134.69,129.38,133.15,2820163202,0
03/31/2011,23:00,133.57,133.69,125.28,132.59,4791180746,0
04/29/2011,23:00,133.41,136.57,129.51,136.43,2815328648,0
05/31/2011,23:00,137.07,137.18,131.38,134.90,3339361761,0
06/30/2011,23:00,134.51,134.60,126.19,131.97,4712655854,0
07/29/2011,23:00,132.01,135.70,128.36,129.33,3840989141,0
08/31/2011,23:00,130.84,130.96,110.27,122.22,9050591972,0
09/30/2011,23:00,122.29,123.40,111.30,113.15,6192018704,0
10/31/2011,23:00,112.49,129.42,107.43,125.50,5721169984,0
11/30/2011,23:00,122.03,128.02,116.20,124.99,5006792550,0
12/30/2011,23:00,124.85,127.26,120.03,125.50,3848635049,0
01/31/2012,23:00,127.76,133.40,126.43,131.32,2883820244,0
02/29/2012,23:00,132.29,138.19,132.13,137.02,2895247887,0
03/30/2012,23:00,137.31,141.83,134.36,140.81,3057517587,0
04/30/2012,23:00,140.64,142.21,135.76,139.87,3028904437,0
05/31/2012,23:00,139.79,141.66,129.55,131.47,4004215787,0
06/29/2012,23:00,129.41,136.27,127.14,136.10,3644913380,0
07/31/2012,23:00,136.48,139.34,132.60,137.71,2857157687,0
08/31/2012,23:00,138.70,143.09,135.58,141.16,2413591422,0
09/28/2012,23:00,141.04,148.11,140.13,143.97,2391232573,0
10/31/2012,23:00,144.52,147.16,140.39,141.35,2719914594,0
11/30/2012,23:00,141.65,143.72,134.70,142.15,3028534298,0
12/31/2012,23:00,142.80,145.58,139.54,142.41,2887812930,0
01/31/2013,23:00,145.11,150.94,144.73,149.70,2587143774,0
02/28/2013,23:00,150.65,153.28,148.73,151.61,2581458318,0
03/29/2013,23:00,151.09,156.85,150.41,156.67,2331212251,0
04/30/2013,23:00,156.59,159.72,153.55,159.68,2907033679,0
05/31/2013,23:00,159.33,169.07,158.10,163.45,2781594876,0
06/28/2013,23:00,163.83,165.99,155.73,160.42,3533328608,0
07/31/2013,23:00,161.26,169.86,160.22,168.71,2333459365,0
08/30/2013,23:00,169.99,170.97,163.05,163.65,2283239670,0
09/30/2013,23:00,165.23,173.60,163.70,168.01,2246638767,0
10/31/2013,23:00,168.14,177.51,164.53,175.79,2901740540,0
11/29/2013,23:00,176.02,181.75,174.76,180.95,1869546911,0
12/31/2013,23:00,181.09,184.69,177.32,184.69,2230241666,0
01/31/2014,23:00,183.98,184.94,176.88,178.18,2530649614,0
02/28/2014,23:00,177.95,187.15,173.71,186.29,2394183674,0
03/31/2014,23:00,184.69,188.96,183.75,187.01,2554082542,0
04/30/2014,23:00,187.62,189.70,181.31,188.31,2345900090,0
05/30/2014,23:00,188.22,192.80,186.01,192.68,1780157245,0
06/30/2014,23:00,192.95,196.60,191.97,195.72,1675360233,0
07/31/2014,23:00,196.19,199.06,192.97,193.09,1887024073,0
08/29/2014,23:00,192.57,200.82,190.55,200.71,1829884873,0
09/30/2014,23:00,200.97,201.90,196.05,197.02,2106580212,0
10/31/2014,23:00,196.70,201.82,181.92,201.66,3943067849,0
11/28/2014,23:00,201.92,207.87,200.06,207.20,1570768696,0
12/31/2014,23:00,206.40,212.97,197.86,205.54,3045608972,0
01/30/2015,23:00,206.38,206.88,198.55,199.45,3183506003,0
02/27/2015,23:00,200.05,212.24,197.86,210.66,1901638015,0
03/31/2015,23:00,210.78,212.06,204.12,206.43,2749923019,0
04/30/2015,23:00,206.39,212.48,204.51,208.46,2036685271,0
05/29/2015,23:00,209.40,213.78,206.76,211.14,1892519799,0
06/30/2015,23:00,211.94,213.34,205.28,205.85,2535242753,0
07/31/2015,23:00,207.73,213.18,204.11,210.50,2452757863,0
08/31/2015,23:00,210.46,211.31,182.95,197.67,3734926746,0
09/30/2015,23:00,193.12,202.89,186.93,191.63,3279512868,0
10/30/2015,23:00,192.08,209.44,189.12,207.93,2536184532,0
11/30/2015,23:00,208.32,211.66,202.18,208.69,1924512621,0
12/31/2015,23:00,209.44,211.00,199.83,203.87,2924884742,0
01/29/2016,23:00,200.49,201.90,181.02,193.72,3712951060,0
02/29/2016,23:00,192.53,196.68,181.09,193.56,2920730619,0
03/31/2016,23:00,195.01,206.87,194.45,205.52,2323306273,0
04/29/2016,23:00,204.35,210.92,203.09,206.33,1910635495,0
05/31/2016,23:00,206.92,210.69,202.78,209.84,1834562512,0
06/30/2016,23:00,209.12,212.52,198.65,209.48,2630619702,0
07/29/2016,23:00,209.36,217.54,207.06,217.12,1648453879,0
08/31/2016,23:00,217.19,219.60,214.57,217.38,1519703229,0
09/30/2016,23:00,217.37,219.22,212.31,216.30,2303701186,0
10/31/2016,23:00,215.82,216.70,211.21,212.55,1728066261,0
11/30/2016,23:00,212.93,221.83,208.38,220.38,2081266478,0
12/30/2016,23:00,220.73,228.34,219.15,223.53,1826568277,0
01/31/2017,23:00,225.04,229.71,223.88,227.53,1482408638,0
02/28/2017,23:00,228.26,237.31,226.82,236.47,1366725709,0
03/31/2017,23:00,238.39,240.32,231.61,235.74,1932401484,0
04/28/2017,23:00,235.80,239.53,232.51,238.08,1549613618,0
05/31/2017,23:00,238.68,242.08,235.43,241.44,1508249104,0
06/30/2017,23:00,241.97,245.01,239.96,241.80,1592610781,0
07/31/2017,23:00,242.88,243.44,240.34,243.43,310352889,0
